1 2 99999
1 3 99999
1 4 99999
1 5 99999
1 6 99999
1 7 99999
1 8 99999
1 9 99999
1 10 99999
1 11 99999
1 12 99999
1 13 99999
1 14 99999
2 2 49999
2 3 49999
2 4 49999
2 5 49999
2 6 49999
2 7 49999
2 8 49999
2 9 49999
2 10 49999
2 11 49999
2 12 49999
2 13 49999
2 14 49999
3 2 46882
3 3 46929
3 4 46849
3 5 46885
3 6 46872
3 7 46878
3 8 46866
3 9 46909
3 10 46906
3 11 46882
3 12 46920
3 13 46909
3 14 46903
4 2 42270
4 3 42168
4 4 42234
4 5 42264
4 6 42204
4 7 42158
4 8 42264
4 9 42172
4 10 42182
4 11 42152
4 12 42176
4 13 42224
4 14 42128
5 2 40473
5 3 40518
5 4 40506
5 5 40458
5 6 40388
5 7 40496
5 8 40513
5 9 40521
5 10 40593
5 11 40503
5 12 40583
5 13 40521
5 14 40611
6 2 39890
6 3 40055
6 4 40019
6 5 40112
6 6 39941
6 7 40136
6 8 39968
6 9 40166
6 10 40130
6 11 40202
6 12 40106
6 13 40286
6 14 39902
7 2 40519
7 3 40390
7 4 40376
7 5 40218
7 6 40407
7 7 40337
7 8 40236
7 9 40530
7 10 40243
7 11 40383
7 12 40330
7 13 40358
7 14 40526
8 2 41078
8 3 40934
8 4 40870
8 5 40890
8 6 40882
8 7 40914
8 8 40882
8 9 40998
8 10 40958
8 11 40762
8 12 40822
8 13 40842
8 14 40874
9 2 41706
9 3 41751
9 4 41702
9 5 41675
9 6 41697
9 7 41729
9 8 41922
9 9 41684
9 10 41886
9 11 41891
9 12 41688
9 13 41787
9 14 41729
10 2 42328
10 3 42378
10 4 42658
10 5 42593
10 6 42573
10 7 42423
10 8 42488
10 9 42613
10 10 42493
10 11 42688
10 12 42613
10 13 42778
10 14 42843
11 2 43491
11 3 43172
11 4 43585
11 5 43491
11 6 43552
11 7 43321
11 8 43491
11 9 43337
11 10 43821
11 11 43678
11 12 43387
11 13 43431
11 14 43497
12 2 44322
12 3 44226
12 4 44274
12 5 43998
12 6 44232
12 7 43980
12 8 44154
12 9 44436
12 10 44262
12 11 44280
12 12 43902
12 13 44286
12 14 43872
13 2 44984
13 3 44971
13 4 44977
13 5 44945
13 6 45244
13 7 45244
13 8 44834
13 9 45159
13 10 45270
13 11 45062
13 12 45322
13 13 44925
13 14 44756
14 2 45535
14 3 45682
14 4 45633
14 5 45535
14 6 45633
14 7 45598
14 8 45899
14 9 45745
14 10 45990
14 11 45794
14 12 45465
14 13 45871
14 14 45528
